rotation:
  w: 0.5000000000000002
  x: 2.2412591957561494e-17
  y: 0.8660254037844385
  z: 2.2412591957561494e-17
translation:
  x: 700.0
  y: 700.0
  z: 600.0
