rotation:
  w: 3.520682012241411e-17
  x: -0.7071067811865474
  y: 0.7071067811865477
  z: 1.218024257459634e-16
translation:
  x: 300.0
  y: 700.0
  z: 1100.0
